10 2.953636 2681.102051 0.002712 1 1.000000
5 2.441229 3.006092 0.007521 1 1.000000
5 2.193994 5.515337 0.012273 1 1.000000
10 2.283686 3183.641602 0.010278 1 1.000000
2 1.761032 0.398320 0.028691 2 1.000000
5 1.152913 5.992315 0.090642 1 1.000000
5 1.395064 3.006092 0.057860 1 1.000000
10 1.576191 2813.166260 0.040997 1 1.000000
11 1.428979 0.010426 0.054271 1 1.000000
10 1.603049 3374.862793 0.038937 1 1.000000
5 1.262096 3.178424 0.074180 1 1.000000
2 1.400604 0.345958 0.057259 2 1.000000
10 1.496265 2681.102051 0.047764 1 1.000000
5 1.481751 5.992315 0.049102 1 1.000000
5 1.288771 3.006092 0.070598 1 1.000000
2 1.268288 0.376720 0.073333 2 1.000000
10 1.452273 3101.590088 0.051929 1 1.000000
5 1.245127 5.992315 0.076544 1 1.000000
5 1.241651 3.006092 0.077037 1 1.000000
7 1.286312 0.279033 0.070921 2 1.000000
10 1.328837 3233.181519 0.065518 1 1.000000
5 1.104831 4.654563 0.098886 1 1.000000
10 1.018002 2681.102051 0.115474 1 1.000000
2 1.217353 0.359602 0.080564 2 1.000000
10 1.204554 3374.862793 0.082481 1 1.000000
5 1.403965 3.006092 0.056897 1 1.000000
10 1.231058 2681.102051 0.078557 1 1.000000
2 1.235786 0.342090 0.077875 2 1.000000
5 1.282940 5.992315 0.071367 1 1.000000
5 1.226567 3.006092 0.079210 1 1.000000
10 1.230030 3039.598389 0.078706 1 1.000000
2 1.229899 0.398320 0.078725 2 1.000000
5 1.221371 5.992315 0.079971 1 1.000000
5 1.220921 3.006092 0.080037 1 1.000000
10 1.241564 2681.102051 0.077049 1 1.000000
2 1.221349 0.359602 0.079974 2 1.000000
10 1.262361 3374.862793 0.074143 1 1.000000
5 1.224591 3.006092 0.079498 1 1.000000
10 1.223148 2681.102051 0.079710 1 1.000000
11 1.276076 0.016098 0.072282 1 1.000000
10 1.221605 3374.862793 0.079937 1 1.000000
5 1.227801 3.334016 0.079030 1 1.000000
10 1.199101 3006.781128 0.083310 1 1.000000
2 1.236596 0.331863 0.077759 2 1.000000
5 1.190301 5.992315 0.084664 1 1.000000
5 1.216079 3.006092 0.080753 1 1.000000
10 1.238916 2681.102051 0.077427 1 1.000000
2 1.223385 0.379064 0.079675 2 1.000000
10 1.252396 3374.862793 0.075523 1 1.000000
5 1.223735 2.972094 0.079624 1 1.000000
10 1.222440 2672.980713 0.079814 1 1.000000
6 1.223495 0.035445 0.079659 2 1.000000
10 1.217386 3374.862793 0.080559 1 1.000000
5 1.219369 2.625362 0.080266 1 1.000000
10 1.218416 2672.980713 0.080407 1 1.000000
2 1.224951 0.379064 0.079446 2 1.000000
5 1.226156 5.992315 0.079270 1 1.000000
5 1.219906 2.625362 0.080187 1 1.000000
10 1.225970 3183.641602 0.079297 1 1.000000
7 1.227003 0.257509 0.079146 2 1.000000
5 1.220196 5.992315 0.080144 1 1.000000
5 1.220176 3.334016 0.080147 1 1.000000
10 1.219720 3183.641602 0.080214 1 1.000000
2 1.222546 0.359602 0.079798 2 1.000000
5 1.218622 5.992315 0.080376 1 1.000000
5 1.219369 2.625362 0.080266 1 1.000000
10 1.221525 2576.260254 0.079948 1 1.000000
2 1.219038 0.359602 0.080315 2 1.000000
10 1.222220 3374.862793 0.079846 1 1.000000
5 1.221069 4.014771 0.080015 1 1.000000
10 1.219283 1806.022217 0.080279 1 1.000000
6 1.221777 0.021512 0.079911 2 1.000000
10 1.169665 3374.862793 0.087918 1 1.000000
5 1.215368 2.363894 0.080859 1 1.000000
10 1.214171 2576.260254 0.081037 1 1.000000
2 1.225339 0.379064 0.079389 2 1.000000
5 1.225381 5.992315 0.079383 1 1.000000
5 1.219500 2.363894 0.080247 1 1.000000
10 1.219967 2576.260254 0.080178 1 1.000000
11 1.221044 0.017364 0.080019 1 1.000000
10 1.215474 3374.862793 0.080843 1 1.000000
5 1.218773 2.625362 0.080354 1 1.000000
10 1.212209 2672.249268 0.081330 1 1.000000
2 1.224471 0.359602 0.079516 2 1.000000
5 1.223003 5.992315 0.079731 1 1.000000
5 1.219046 2.363894 0.080314 1 1.000000
10 1.225068 3183.641602 0.079429 1 1.000000
2 1.219698 0.379064 0.080217 2 1.000000
5 1.219411 5.992315 0.080260 1 1.000000
5 1.219443 2.148736 0.080255 1 1.000000
10 1.220060 1806.022217 0.080164 1 1.000000
2 1.218986 0.359602 0.080323 2 1.000000
10 1.219911 3374.862793 0.080186 1 1.000000
5 1.218990 2.148736 0.080322 1 1.000000
10 1.218897 1806.022217 0.080336 1 1.000000
2 1.219374 0.326945 0.080265 2 1.000000
10 1.218541 3374.862793 0.080388 1 1.000000
5 1.218816 3.334016 0.080348 1 1.000000
10 1.218796 1806.022217 0.080351 1 1.000000
2 1.218957 0.379064 0.080327 2 1.000000
5 1.219464 5.992315 0.080252 1 1.000000
5 1.218840 2.148736 0.080344 1 1.000000
10 1.219223 3183.641602 0.080288 1 1.000000
7 1.219519 0.257509 0.080244 2 1.000000
5 1.218870 5.992315 0.080340 1 1.000000
5 1.218859 2.148736 0.080341 1 1.000000
10 1.218841 3086.823608 0.080344 1 1.000000
2 1.219035 0.398320 0.080315 2 1.000000
5 1.218796 5.992315 0.080351 1 1.000000
5 1.218790 2.363894 0.080351 1 1.000000
10 1.218972 1806.022217 0.080325 1 1.000000
6 1.218976 0.029252 0.080324 2 1.000000
10 1.218415 3374.862793 0.080407 1 1.000000
5 1.218763 2.363894 0.080355 1 1.000000
10 1.218740 1806.022217 0.080359 1 1.000000
2 1.218997 0.359602 0.080321 2 1.000000
5 1.219157 5.992315 0.080297 1 1.000000
5 1.218810 2.148736 0.080349 1 1.000000
10 1.218816 1806.022217 0.080348 1 1.000000
11 1.218937 0.017364 0.080330 1 1.000000
10 1.218423 3374.862793 0.080406 1 1.000000
5 1.218759 3.334016 0.080356 1 1.000000
10 1.218181 1806.022217 0.080442 1 1.000000
2 1.219247 0.359602 0.080284 2 1.000000
5 1.219106 5.992315 0.080305 1 1.000000
5 1.218780 2.148736 0.080353 1 1.000000
10 1.219307 3183.641602 0.080275 1 1.000000
2 1.218836 0.379064 0.080345 2 1.000000
5 1.218812 5.992315 0.080348 1 1.000000
5 1.218815 2.148736 0.080348 1 1.000000
10 1.218862 2681.102051 0.080341 1 1.000000
2 1.218775 0.379064 0.080354 2 1.000000
10 1.218858 3374.862793 0.080342 1 1.000000
5 1.218941 4.014771 0.080329 1 1.000000
10 1.218782 1806.022217 0.080353 1 1.000000
2 1.218783 0.342090 0.080352 2 1.000000
10 1.218776 3374.862793 0.080354 1 1.000000
5 1.218803 2.148736 0.080350 1 1.000000
10 1.218763 2681.102051 0.080355 1 1.000000
2 1.218803 0.326945 0.080350 2 1.000000
10 1.218743 3374.862793 0.080359 1 1.000000
5 1.218759 2.148736 0.080356 1 1.000000
10 1.218758 2681.102051 0.080356 1 1.000000
2 1.218773 0.379058 0.080354 2 1.000000
5 1.218810 5.992315 0.080348 1 1.000000
5 1.218762 2.148736 0.080356 1 1.000000
10 1.218797 3183.641602 0.080350 1 1.000000
7 1.218820 0.257509 0.080347 2 1.000000
5 1.218765 5.992315 0.080355 1 1.000000
5 1.218765 3.334016 0.080355 1 1.000000
10 1.218762 3183.641602 0.080356 1 1.000000
2 1.218779 0.359602 0.080353 2 1.000000
5 1.218758 5.992315 0.080356 1 1.000000
5 1.218758 2.148736 0.080356 1 1.000000
10 1.218772 1806.022217 0.080354 1 1.000000
6 1.218775 0.029252 0.080354 2 1.000000
10 1.218727 3374.862793 0.080361 1 1.000000
5 1.218756 2.148736 0.080357 1 1.000000
10 1.218754 2681.102051 0.080357 1 1.000000
2 1.218776 0.359602 0.080354 2 1.000000
5 1.218788 5.992315 0.080352 1 1.000000
5 1.218760 2.148736 0.080356 1 1.000000
10 1.218760 2681.102051 0.080356 1 1.000000
11 1.218771 0.017364 0.080354 1 1.000000
10 1.218726 3374.862793 0.080361 1 1.000000
5 1.218754 2.363894 0.080357 1 1.000000
10 1.218705 1806.022217 0.080364 1 1.000000
2 1.218798 0.359602 0.080350 2 1.000000
5 1.218786 5.992315 0.080352 1 1.000000
5 1.218757 2.148736 0.080356 1 1.000000
10 1.218803 3183.641602 0.080350 1 1.000000
2 1.218762 0.359602 0.080356 2 1.000000
5 1.218760 5.992315 0.080356 1 1.000000
5 1.218760 2.148736 0.080356 1 1.000000
10 1.218764 2681.102051 0.080355 1 1.000000
2 1.218757 0.359602 0.080356 2 1.000000
10 1.218763 3374.862793 0.080355 1 1.000000
5 1.218771 4.014771 0.080354 1 1.000000
10 1.218757 1806.022217 0.080356 1 1.000000
2 1.218757 0.359602 0.080356 2 1.000000
10 1.218757 3374.862793 0.080356 1 1.000000
5 1.218759 2.148736 0.080356 1 1.000000
10 1.218756 2681.102051 0.080357 1 1.000000
2 1.218759 0.326945 0.080356 2 1.000000
10 1.218754 3374.862793 0.080357 1 1.000000
5 1.218755 3.334016 0.080357 1 1.000000
10 1.218755 1806.022217 0.080357 1 1.000000
2 1.218756 0.359602 0.080356 2 1.000000
5 1.218760 5.992315 0.080356 1 1.000000
5 1.218756 2.148736 0.080357 1 1.000000
10 1.218759 3183.641602 0.080356 1 1.000000
7 1.218761 0.257509 0.080356 2 1.000000
5 1.218756 5.992315 0.080357 1 1.000000
5 1.218756 2.083023 0.080357 1 1.000000
10 1.218756 3026.865112 0.080357 1 1.000000
2 1.218757 0.398320 0.080356 2 1.000000
5 1.218755 5.992315 0.080357 1 1.000000
5 1.218755 2.083023 0.080357 1 1.000000
10 1.218756 2681.102051 0.080356 1 1.000000
6 1.218757 0.029252 0.080356 2 1.000000
