11 1.032010 0.028805 0.112643 1 1.000000
10 0.456521 276.980392 0.286378 1 1.000000
4 0.558967 0.408883 0.246395 2 1.000000
5 0.442547 0.249146 0.292123 1 1.000000
11 0.459446 0.384763 0.285184 1 1.000000
4 0.437711 0.185680 0.294127 1 1.000000
2 0.384604 0.348461 0.316651 2 1.000000
8 0.456457 0.091997 0.286404 2 1.000000
8 0.308755 0.551007 0.350348 2 1.000000
1 0.378601 10.000000 0.318628 1 1.000000
11 0.321777 0.251063 0.344444 1 1.000000
7 0.282758 0.091282 0.362272 1 1.000000
3 0.301985 0.040272 0.353436 2 1.000000
8 0.297421 0.580169 0.355524 2 1.000000
5 0.317515 0.380479 0.346371 1 1.000000
11 0.274676 0.110926 0.366015 1 1.000000
2 0.234566 0.285903 0.384822 1 1.000000
10 0.294022 17.107465 0.357084 2 1.000000
2 0.299900 0.336520 0.354390 2 1.000000
1 0.259926 10.000000 0.371258 1 1.000000
6 0.243769 0.005148 0.380474 2 1.000000
5 0.230775 0.001484 0.386618 2 1.000000
3 0.244099 0.054667 0.380318 1 1.000000
3 0.227747 0.077475 0.388055 2 1.000000
5 0.226130 0.221001 0.388823 1 1.000000
1 0.258229 6.000000 0.372192 2 1.000000
1 0.238206 5.000000 0.381731 1 1.000000
10 0.223573 24.408607 0.390040 2 1.000000
8 0.197170 0.533830 0.402673 2 1.000000
1 0.287567 11.000000 0.360005 1 1.000000
11 0.219767 0.104205 0.391852 1 1.000000
9 0.180229 0.004096 0.410849 2 1.000000
2 0.230370 0.289918 0.386810 1 1.000000
2 0.210354 0.327578 0.396347 2 1.000000
5 0.211037 0.391234 0.396020 1 1.000000
6 0.217900 0.020227 0.392742 2 1.000000
3 0.214089 0.040272 0.394561 2 1.000000
6 0.187088 0.000007 0.407481 1 1.000000
1 0.173825 6.000000 0.408686 2 1.000000
3 0.242698 0.095073 0.380979 1 1.000000
3 0.217460 0.121005 0.392952 2 1.000000
10 0.182918 4.671134 0.409548 2 1.000000
4 0.178937 0.154310 0.411474 1 1.000000
1 0.177164 6.000000 0.402142 2 1.000000
1 0.177978 10.000000 0.408635 1 1.000000
7 0.168990 0.269026 0.416300 2 1.000000
2 0.186497 0.235401 0.407818 2 1.000000
4 0.158272 0.121863 0.421518 1 1.000000
11 0.169346 0.251063 0.416127 1 1.000000
9 0.155908 0.074747 0.422672 2 1.000000
10 0.193620 12.310180 0.404382 2 1.000000
1 0.168872 5.000000 0.414315 1 1.000000
2 0.139020 0.236329 0.430934 2 1.000000
10 0.159410 246.504211 0.420964 2 1.000000
1 0.175902 12.000000 0.409064 1 1.000000
11 0.181864 0.135519 0.410057 1 1.000000
8 0.129537 0.591926 0.435591 2 1.000000
5 0.183407 0.315113 0.409311 1 1.000000
2 0.184231 0.322282 0.408913 2 1.000000
3 0.153424 0.095715 0.423884 1 1.000000
6 0.176052 0.001857 0.412872 2 1.000000
5 0.150149 0.216913 0.425485 1 1.000000
9 0.134504 0.003994 0.433151 2 1.000000
8 0.146613 0.531441 0.427214 2 1.000000
2 0.154523 0.290057 0.423348 1 1.000000
10 0.168151 1.231030 0.416708 2 1.000000
7 0.148364 0.292982 0.426357 2 1.000000
10 0.125704 4.671134 0.437477 2 1.000000
6 0.152883 0.000022 0.424149 1 1.000000
1 0.169661 6.000000 0.399094 2 1.000000
1 0.137052 12.000000 0.428234 1 1.000000
8 0.146767 0.328367 0.427139 2 1.000000
4 0.138835 0.315556 0.431025 1 1.000000
10 0.162696 235.781921 0.419362 2 1.000000
1 0.122564 3.000000 0.410370 2 1.000000
3 0.149714 0.121005 0.425697 2 1.000000
3 0.139882 0.096393 0.430512 1 1.000000
2 0.135097 0.328232 0.432860 2 1.000000
3 0.139467 0.054667 0.430715 1 1.000000
10 0.148841 18.720850 0.426124 2 1.000000
11 0.125988 0.096156 0.437337 1 1.000000
6 0.138293 0.000014 0.431291 1 1.000000
10 0.138390 4.671134 0.431244 2 1.000000
9 0.144898 0.075878 0.428054 2 1.000000
11 0.130658 0.251552 0.435040 1 1.000000
4 0.127035 0.301775 0.436822 1 1.000000
6 0.134327 0.004468 0.433237 2 1.000000
5 0.122321 0.404686 0.439143 1 1.000000
8 0.123374 0.328367 0.438624 2 1.000000
5 0.129691 0.114701 0.435515 1 1.000000
10 0.139931 12.302675 0.430487 2 1.000000
6 0.131853 0.000006 0.434453 1 1.000000
9 0.111084 0.004166 0.444685 2 1.000000
7 0.117085 0.159957 0.441724 2 1.000000
4 0.129739 0.301775 0.435492 1 1.000000
8 0.135320 0.531441 0.432750 2 1.000000
4 0.115287 0.403830 0.442611 1 1.000000
3 0.123400 0.121005 0.438611 2 1.000000
10 0.121203 4.671134 0.439693 2 1.000000
4 0.121815 0.154310 0.439392 1 1.000000
10 0.111749 25.817684 0.444357 2 1.000000
9 0.121046 0.070685 0.439771 2 1.000000
11 0.130992 0.252207 0.434876 1 1.000000
4 0.116812 0.316378 0.441858 1 1.000000
6 0.118253 0.001310 0.441147 2 1.000000
4 0.110476 0.154310 0.444986 1 1.000000
3 0.143210 0.040272 0.428880 2 1.000000
9 0.120627 0.001734 0.439977 1 1.000000
10 0.108789 1.231030 0.445819 2 1.000000
9 0.128581 0.073480 0.436062 2 1.000000
1 0.112571 3.000000 0.406811 2 1.000000
7 0.129317 0.257636 0.435700 2 1.000000
4 0.106117 0.399386 0.447140 1 1.000000
3 0.108760 0.110076 0.445834 2 1.000000
3 0.116013 0.099420 0.442252 1 1.000000
2 0.107070 0.320323 0.446668 2 1.000000
2 0.125342 0.254553 0.437655 1 1.000000
2 0.119297 0.234642 0.440633 2 1.000000
4 0.108656 0.120594 0.445885 1 1.000000
3 0.099256 0.040272 0.450534 2 1.000000
11 0.107264 -0.011997 0.446573 1 1.000000
1 0.089648 3.000000 0.411617 2 1.000000
10 0.124211 324.056381 0.438212 2 1.000000
3 0.101618 0.092367 0.449365 1 1.000000
2 0.099757 0.328232 0.450286 2 1.000000
5 0.093985 0.115634 0.453145 1 1.000000
10 0.113186 12.083248 0.443647 2 1.000000
4 0.116886 0.116089 0.441822 1 1.000000
10 0.110851 4.671134 0.444801 2 1.000000
7 0.115011 0.284985 0.442747 2 1.000000
10 0.100449 1.231030 0.449944 2 1.000000
8 0.100779 0.610052 0.449781 2 1.000000
3 0.106699 0.099420 0.446852 1 1.000000
1 0.115985 6.000000 0.418054 2 1.000000
4 0.108099 0.127389 0.446160 1 1.000000
2 0.100680 0.236329 0.449829 2 1.000000
4 0.098184 0.116089 0.451065 1 1.000000
1 0.105251 3.000000 0.395024 2 1.000000
3 0.109074 0.121005 0.445678 2 1.000000
4 0.098350 0.403830 0.450983 1 1.000000
9 0.099557 0.068046 0.450385 2 1.000000
11 0.103159 0.251552 0.448603 1 1.000000
7 0.088986 0.134978 0.455624 1 1.000000
7 0.091656 0.159957 0.454300 2 1.000000
7 0.093682 0.199902 0.453295 1 1.000000
9 0.087925 0.001734 0.456151 1 1.000000
3 0.104473 0.040272 0.447953 2 1.000000
4 0.110859 0.127389 0.444797 1 1.000000
2 0.091746 0.234642 0.454255 2 1.000000
4 0.084748 0.121863 0.457727 1 1.000000
4 0.092843 0.155269 0.453711 2 1.000000
5 0.092319 0.114701 0.453971 1 1.000000
8 0.094471 0.328819 0.452904 2 1.000000
4 0.094687 0.278202 0.452798 1 1.000000
7 0.093853 0.159957 0.453211 2 1.000000
10 0.092670 7.644798 0.453797 2 1.000000
9 0.104866 0.000158 0.447758 1 1.000000
1 0.096144 3.000000 0.400438 2 1.000000
8 0.105749 0.610052 0.447322 2 1.000000
5 0.099051 0.480113 0.450636 1 1.000000
8 0.098021 0.533830 0.451146 2 1.000000
1 0.105938 3.000000 0.395273 2 1.000000
11 0.104226 -0.131612 0.448075 1 1.000000
1 0.094359 3.000000 0.399969 2 1.000000
10 0.102168 302.803314 0.449093 2 1.000000
4 0.100947 0.278202 0.449697 1 1.000000
4 0.088264 0.240302 0.455982 2 1.000000
3 0.100964 0.063549 0.449689 1 1.000000
9 0.093727 0.004166 0.453273 2 1.000000
9 0.079818 0.001734 0.460175 1 1.000000
5 0.097181 0.001484 0.451562 2 1.000000
3 0.101290 0.121005 0.449527 2 1.000000
5 0.096371 0.480113 0.451963 1 1.000000
2 0.089446 0.331019 0.455396 2 1.000000
9 0.102245 0.014226 0.449055 1 1.000000
9 0.092973 0.038231 0.453647 2 1.000000
1 0.095698 3.000000 0.398601 2 1.000000
9 0.099112 0.000158 0.450605 1 1.000000
1 0.090151 3.000000 0.400483 2 1.000000
7 0.095956 0.075748 0.452169 1 1.000000
11 0.090655 0.252207 0.454796 1 1.000000
7 0.085750 0.152591 0.457230 1 1.000000
11 0.074565 0.070635 0.462786 1 1.000000
10 0.073384 16.760771 0.463374 2 1.000000
6 0.124602 0.000022 0.438019 1 1.000000
3 0.087555 0.040272 0.456334 2 1.000000
4 0.085311 0.116089 0.457448 1 1.000000
10 0.086064 7.644798 0.457074 2 1.000000
8 0.094458 0.610052 0.452911 2 1.000000
5 0.093251 2.127955 0.453509 1 1.000000
10 0.093823 443.889328 0.453226 2 1.000000
5 0.094215 0.221001 0.453032 1 1.000000
8 0.092186 0.343444 0.454037 2 1.000000
4 0.092251 0.316378 0.454005 1 1.000000
1 0.105852 6.000000 0.419417 2 1.000000
4 0.104767 0.154310 0.447807 1 1.000000
4 0.087213 0.155269 0.456504 2 1.000000
3 0.093817 0.063549 0.453229 1 1.000000
2 0.091106 0.318172 0.454572 2 1.000000
3 0.099538 0.099404 0.450395 1 1.000000
