5 1.213683 0.772908 0.081110 1 1.000000
11 0.715348 0.006268 0.192990 1 1.000000
10 0.798299 1112.612915 0.168458 1 1.000000
2 0.622256 0.354628 0.223652 2 1.000000
10 0.596814 280.201050 0.232611 1 1.000000
5 0.536006 5.077513 0.255021 1 1.000000
3 0.445884 0.085524 0.290745 1 1.000000
9 0.350441 0.010087 0.331617 2 1.000000
11 0.359233 0.066703 0.327731 1 1.000000
5 0.360380 1.101031 0.327226 1 1.000000
3 0.508399 0.118226 0.265652 2 1.000000
10 0.320612 3374.862793 0.344970 1 1.000000
8 0.375766 0.404653 0.320488 1 1.000000
6 0.249860 0.001699 0.377607 2 1.000000
5 0.231905 0.390115 0.386082 1 1.000000
11 0.311599 -0.019474 0.349054 2 1.000000
7 0.268119 0.281200 0.369063 2 1.000000
10 0.290805 1479.713501 0.358562 1 1.000000
3 0.246958 0.122372 0.378972 2 1.000000
5 0.286665 1.101031 0.360469 1 1.000000
5 0.317088 0.741133 0.346564 2 1.000000
1 0.332427 20.000000 0.306745 1 1.000000
10 0.276405 3374.862793 0.365213 1 1.000000
2 0.242585 0.360926 0.381032 2 1.000000
5 0.211207 1.351498 0.395939 1 1.000000
7 0.198924 0.147059 0.401829 1 1.000000
5 0.233947 0.741133 0.385115 2 1.000000
5 0.195490 0.854316 0.403481 1 1.000000
8 0.174004 0.603514 0.413866 2 1.000000
10 0.234371 3374.862793 0.384914 1 1.000000
10 0.251257 228.210434 0.376950 1 1.000000
11 0.226078 0.092363 0.388848 1 1.000000
6 0.164021 0.007138 0.418717 1 1.000000
3 0.219342 0.122372 0.392055 2 1.000000
9 0.232234 0.008251 0.385927 2 1.000000
8 0.170141 0.397659 0.415741 1 1.000000
11 0.220945 -0.019474 0.391291 2 1.000000
7 0.206790 0.281200 0.398054 2 1.000000
6 0.212914 0.001699 0.395123 2 1.000000
3 0.200277 0.102537 0.401179 1 1.000000
5 0.209562 0.390115 0.396727 1 1.000000
5 0.215107 5.992315 0.394075 1 1.000000
6 0.222680 0.017386 0.390465 2 1.000000
6 0.159729 0.007138 0.420808 1 1.000000
8 0.177748 0.488979 0.412050 2 1.000000
4 0.166135 0.359679 0.417688 1 1.000000
4 0.138610 0.370339 0.431135 2 1.000000
5 0.145635 2.123771 0.427693 1 1.000000
5 0.216272 0.449256 0.393519 1 1.000000
10 0.164274 3374.862793 0.418594 1 1.000000
8 0.205297 0.632595 0.398770 2 1.000000
5 0.169438 2.123771 0.416083 1 1.000000
7 0.162686 0.139153 0.419367 1 1.000000
5 0.164452 0.707771 0.418507 2 1.000000
5 0.149242 0.847396 0.425928 1 1.000000
11 0.140483 0.078768 0.430217 1 1.000000
8 0.160636 0.632595 0.420366 2 1.000000
11 0.178722 -0.019474 0.411578 2 1.000000
10 0.181682 228.210434 0.410145 1 1.000000
10 0.168937 851.261230 0.416326 1 1.000000
10 0.167900 413.782791 0.416830 2 1.000000
8 0.139390 0.452438 0.430753 2 1.000000
3 0.209996 0.098743 0.396519 1 1.000000
10 0.146876 851.261230 0.427085 1 1.000000
8 0.180976 0.582693 0.410487 2 1.000000
5 0.157072 1.351498 0.422103 1 1.000000
11 0.166962 0.032410 0.417284 1 1.000000
6 0.134569 0.008109 0.433119 1 1.000000
2 0.136903 0.347086 0.431973 2 1.000000
3 0.147074 0.102537 0.426988 1 1.000000
8 0.170469 0.461183 0.415581 2 1.000000
3 0.172167 0.093671 0.414757 1 1.000000
10 0.154221 772.645508 0.423495 1 1.000000
3 0.170540 0.122372 0.415547 2 1.000000
5 0.154198 2.175894 0.423506 1 1.000000
7 0.158520 0.126799 0.421397 1 1.000000
11 0.170044 0.094827 0.415788 1 1.000000
2 0.137575 0.344675 0.431643 2 1.000000
4 0.149993 0.379697 0.425561 1 1.000000
8 0.123910 0.460391 0.438360 2 1.000000
5 0.169499 0.449256 0.416053 1 1.000000
11 0.169196 -0.019046 0.416200 2 1.000000
7 0.143351 0.281200 0.428812 2 1.000000
5 0.154711 1.101031 0.423256 1 1.000000
6 0.131482 0.001972 0.434635 2 1.000000
3 0.156549 0.093671 0.422359 1 1.000000
8 0.124547 0.453436 0.438046 2 1.000000
1 0.129414 22.000000 0.368830 1 1.000000
10 0.112681 851.261230 0.443897 1 1.000000
10 0.146641 454.491638 0.427201 2 1.000000
10 0.119096 772.645508 0.440732 1 1.000000
4 0.141101 0.388766 0.429914 2 1.000000
8 0.151884 0.535853 0.424637 1 1.000000
6 0.130430 0.016200 0.435152 2 1.000000
7 0.151231 0.216006 0.424956 1 1.000000
8 0.140974 0.603514 0.429976 2 1.000000
5 0.144268 5.515337 0.428362 1 1.000000
1 0.177278 19.000000 0.411166 1 1.000000
11 0.164812 -0.019474 0.418332 2 1.000000
11 0.141660 0.037455 0.429640 1 1.000000
6 0.115210 0.008109 0.442649 1 1.000000
8 0.112269 0.632595 0.444100 2 1.000000
9 0.140749 0.005642 0.430086 2 1.000000
5 0.130125 0.390115 0.435302 1 1.000000
5 0.141002 0.608864 0.429962 2 1.000000
5 0.123525 0.942472 0.438550 1 1.000000
7 0.137902 0.281200 0.431483 2 1.000000
11 0.127445 0.094827 0.436620 1 1.000000
10 0.134214 356.717072 0.433293 1 1.000000
6 0.116692 0.001699 0.441917 2 1.000000
3 0.142249 0.085719 0.429351 1 1.000000
10 0.119707 851.261230 0.440431 1 1.000000
10 0.131801 399.889038 0.434479 2 1.000000
4 0.092217 0.379697 0.454022 1 1.000000
2 0.129099 0.347086 0.435807 2 1.000000
2 0.117927 0.330719 0.441308 1 1.000000
2 0.128258 0.325503 0.436220 2 1.000000
3 0.113820 0.098743 0.443335 1 1.000000
8 0.123736 0.460391 0.438446 2 1.000000
5 0.111932 0.847396 0.444267 1 1.000000
7 0.098033 0.126799 0.451140 1 1.000000
10 0.141008 3374.862793 0.429960 1 1.000000
8 0.143956 0.632595 0.428515 2 1.000000
5 0.135943 2.123771 0.432444 1 1.000000
10 0.135494 230.526161 0.432665 1 1.000000
11 0.128429 -0.019474 0.436136 2 1.000000
6 0.141700 0.016200 0.429620 2 1.000000
10 0.106003 851.261230 0.447196 1 1.000000
3 0.117722 0.085719 0.441410 1 1.000000
11 0.116369 -0.019474 0.442077 2 1.000000
4 0.115127 0.388766 0.442690 2 1.000000
4 0.106897 0.379697 0.446754 1 1.000000
4 0.121707 0.372940 0.439445 2 1.000000
3 0.103745 0.097768 0.448313 1 1.000000
10 0.108220 851.261230 0.446100 1 1.000000
11 0.116750 0.037455 0.441889 1 1.000000
8 0.096760 0.452438 0.451770 2 1.000000
3 0.098201 0.102188 0.451057 1 1.000000
8 0.116469 0.582570 0.442027 2 1.000000
5 0.117394 1.200237 0.441571 1 1.000000
7 0.100930 0.139153 0.449706 1 1.000000
11 0.116208 0.094827 0.442156 1 1.000000
10 0.107903 264.193542 0.446257 1 1.000000
11 0.129122 -0.007378 0.435795 2 1.000000
9 0.115409 0.024174 0.442550 2 1.000000
10 0.106641 3374.862793 0.446881 1 1.000000
7 0.121443 0.281200 0.439575 2 1.000000
10 0.114494 772.645508 0.443002 1 1.000000
10 0.111103 478.263519 0.444676 2 1.000000
5 0.102668 2.123771 0.448846 1 1.000000
5 0.115698 0.390115 0.442408 1 1.000000
5 0.129781 0.608864 0.435472 2 1.000000
5 0.097358 0.681138 0.451474 1 1.000000
5 0.091819 0.773385 0.454219 2 1.000000
5 0.098581 0.847396 0.450868 1 1.000000
2 0.083249 0.325268 0.458472 2 1.000000
2 0.115104 0.321432 0.442701 1 1.000000
8 0.101005 0.433962 0.449668 2 1.000000
5 0.093120 0.390115 0.453574 1 1.000000
11 0.108499 -0.019474 0.445962 2 1.000000
2 0.098231 0.360926 0.451042 2 1.000000
10 0.121938 851.261230 0.439331 1 1.000000
3 0.110283 0.093671 0.445081 1 1.000000
4 0.109068 0.356853 0.445681 2 1.000000
11 0.094547 0.070465 0.452867 1 1.000000
4 0.105745 0.364021 0.447324 1 1.000000
4 0.104580 0.370339 0.447900 2 1.000000
4 0.099662 0.379697 0.450333 1 1.000000
8 0.117625 0.603514 0.441457 2 1.000000
5 0.110324 2.123771 0.445061 1 1.000000
5 0.112622 0.390115 0.443926 1 1.000000
9 0.118494 0.007916 0.441029 2 1.000000
2 0.091643 0.360926 0.454306 2 1.000000
5 0.106173 1.603832 0.447112 1 1.000000
6 0.095289 0.016200 0.452499 2 1.000000
6 0.113351 0.008151 0.443566 1 1.000000
6 0.090011 0.015512 0.455116 2 1.000000
8 0.096482 0.536011 0.451908 1 1.000000
8 0.109273 0.488979 0.445580 2 1.000000
4 0.088120 0.326605 0.456054 1 1.000000
7 0.106164 0.157052 0.447116 2 1.000000
6 0.086865 0.001972 0.456676 2 1.000000
4 0.109393 0.360286 0.445521 1 1.000000
4 0.096502 0.388766 0.451898 2 1.000000
5 0.095105 5.992315 0.452590 1 1.000000
5 0.112786 0.449256 0.443845 1 1.000000
5 0.097178 5.992315 0.451564 1 1.000000
7 0.104610 0.139153 0.447885 1 1.000000
10 0.087691 365.202759 0.456266 1 1.000000
11 0.101685 0.094827 0.449332 1 1.000000
8 0.103605 0.632595 0.448382 2 1.000000
5 0.114871 0.586790 0.442816 2 1.000000
5 0.097423 0.691120 0.451442 1 1.000000
5 0.083058 1.351498 0.458566 1 1.000000
10 0.103199 441.408112 0.448583 2 1.000000
10 0.089055 772.645508 0.455590 1 1.000000
8 0.104450 0.632595 0.447964 2 1.000000
11 0.103643 -0.007378 0.448363 2 1.000000
10 0.098380 230.526161 0.450968 1 1.000000
7 0.099230 0.194200 0.450547 1 1.000000
