0.224905 0.264905 0.056246 0.096246
0.0309424 0.0709424 0.166008 0.206008
0 0.031203 0.153644 0.201271
0.0302444 0.0702444 0.155283 0.195283
0.171623 0.211623 0.0363392 0.0763392
0.133203 0.173203 0.0363568 0.0763568
0.185235 0.225235 0.0494797 0.0894797
0.173336 0.213336 0.0516266 0.0916266
0.0700458 0.110046 0.055073 0.095073
0.07236 0.11236 0.0655345 0.105535
0.054161 0.094161 0.0694635 0.109463
0.0267131 0.0667131 0.0400699 0.0800699
0.0766151 0.116615 0.160451 0.200451
0.155546 0.195546 0.102403 0.142403
0.115905 0.155905 0.0954095 0.13541
0.159067 0.199067 0.123348 0.163348
0.0824954 0.122495 0.0502683 0.0902683
0.0960497 0.13605 0.0880673 0.128067
0.195374 0.235374 0.0524177 0.0924177
0.162259 0.202259 0.05283 0.09283
0.195488 0.235488 0.0652573 0.105257
0.124459 0.164459 0.110627 0.150627
0.0837372 0.123737 0.0967218 0.136722
0.0846277 0.124628 0.127588 0.167588
0.0946514 0.134651 0.136432 0.176432
0.0896513 0.129651 0.161621 0.201621
0.12819 0.16819 0.129738 0.169738
0.175022 0.215022 0.0254329 0.0654329
0.126563 0.166563 0.0644733 0.104473
0.116796 0.156796 0.0310954 0.0710954
0.0939262 0.133926 0.0706902 0.11069
0.0675056 0.107506 0.087653 0.127653
