0.122473 0.162473 0.0876245 0.127624
0.195113 0.235113 0.113062 0.153062
0.17321 0.21321 0.0548964 0.0948964
0.037124 0.077124 0.101181 0.141181
0.0369926 0.0769926 0.112888 0.152888
0.0489774 0.0889774 0.107844 0.147844
0.13126 0.17126 0.0312793 0.0712793
0.180482 0.220482 0.0290915 0.0690915
0.152 0.192 0.0271619 0.0671619
0.0340088 0.0740088 0.0896186 0.129619
0.0253175 0.0653175 0.0755553 0.115555
0.0976242 0.137624 0.228016 0.268016
0.0750962 0.115096 0.252594 0.292594
0.0899879 0.129988 0.241664 0.281664
0.083785 0.123785 0.203988 0.243988
0.0620937 0.102094 0.277903 0.317903
0.101435 0.141435 0.277445 0.317445
0.0571043 0.0971043 0.190507 0.230507
0.074008 0.114008 0.187182 0.227182
0 0.030505 0.0835329 0.123533
0.0877582 0.127758 0.193883 0.233883
0.0266781 0.0666781 0.151126 0.191126
0.00429384 0.0442938 0.104694 0.144694
0.0380745 0.0780745 0.166445 0.206445
0.0755055 0.115506 0.17411 0.21411
